(335

1“(111(11. (111 (“· 1100 010 0110 5001101010 111 5111000111, 1111 1111 01 51 1111110-
0111110 (10110, 5110010 0110 5011111011110 (1111111011ιο 11 (101111110 1001111111. Ι,11 (,”1111-
101711( 111-01110011. 1101· 0501111110, 11011 10011151 0110 111111 Spolia, 111 Nm·-
cort-laiac m‹¹‹lil‹·)·ram¹a, 0 111 Ι)1111].5·1”Ι11111111’11 delphina 1101 guiso (11 1101·-
1(11111(1, 111 1111111111( 1111011 5111 nun-igni (101 111010 1111“ ingressu (101 1105100
110010, 111 Ι).’1Ι1].κ·1’]1110111“11 ,1100101111νὶ 0 111 11’1·11111]οΙ1’1( 5010 1101 1111100 (11
Nizza, 10 {Vm-‚da (iratvlmapia 00001101110111, 11 (ι’01111111111 0001101110 0
10 5110 innumerabili 111010111, 111 1111011011111111 φ)1’11(15·11·01’111’.κ·, 111 Ι)11Ι1],κ·1’«
plumis( s't·oclae'ae·1clr).s·(t‚ 10 (,’,1]5Ιο.5·1”1·(1, 11 (ΖΜ-(1111111111 rubrum, 011111111111, 11111-
1111111111111, 111 Ι)(’1[,1.5-1111(Ἰί1”11, 111 ogni 11111110 (101111 5111110010.

111100 5110010 001110, 10 1011110011, 11 (1011111111 Bursa„ 1(1 Sple(teroem-eus·
emronopifhlias‚ 111 0111011011, 111 [ΛΜΗ-0110111 [11”11111111“[1”(Ι11, 111 l’ltjsllnplzmw
nervosa, 01100 10110 51 1100051111111 111 11(10, 0 (1111151 501111100, rau-volgum}
in 50000 0191111110 (1111 1111111. V 1111 111111111101110 111011110 5110010 0110 51
11010011110, erodere 0550001 511110 1111110011110 00110 111111 0110 (11111“ (10011110
1111110(1(11111(1 111 1105101 11(11, 001110 111111111110 ΙἸ;’1·100(11·)111.5’ 1110011112(- , 111 8110-
0000111311 [1111110011 000., 11110 (1111111 11011 110 (11111111110 concedere il (1101110
(11 ciuadinanza, (11100110 51 50110 1110111111101110 110001110111110 11110 1111010
0011(117,10111 1001111 111 0111 11 01150 10 1111 110510.

La 1000111ῑί0110 (10110 ,110110 (101 1105100 1111100 0111111110 11005500110 5111-
21011110111 (1110111110 1“ 1111001111, 11010110 11 0111011110 11111010111100 (10110 011(Ιο
’00111011 111 5111003111, (111(10 10 510550 (1151115100, 1 robustissimi Sal-missi,
0 111 11(1(1(11110111 110. 50110 111111001100, 51 (1111111110 11110 5111011110 (10110 5110-
010 11111 (111101110 0 5011111; 110111111110110 w 11’1111 111011110, 111 Ι,111111’11111·1“11
debilis, l',lspvraewrweus‘ 00111111ψκκ11κ 0 5111000110, 111 61100111( 1,(1111011111-
ria, 111 Callet-ia pamlalis, 0110 11011 1001111151 111 110010110 5111011110 0110
1111’ (150100 (1011’1111·01’11(1, (11100 11 (1111110, 111 110010 51111210 (11 10111110, 10
1·0(11 (101001001100, 5111111110111051, 511110100.

1110511110111110 0 111 1510011 (10110 11011110, 0 5011 1101· (1110 0110 11115111
10111100, 111111 11111110 1101 1111110 1100 10110110 (1111110110 51100101100 1“ 1011110100
11011 115111. Νο1111 1100501110 (10011510110 111001 (1051(1001110 10011110 1’ 0101100
(10110 Alghc 1105101111 51 1111101110 0110 111111111111 011000110, negti 1111111 (10-
(·(11·51; 11111 11011 051010101111 01050110, 11 11111’(1ῥ.ν;.1·1, (11 111·0(·11001111·1111 10
(111000 0150100101ῑο 11111 10111001111111 10110 10111110111111 11100,1111 0 (1110110
005101110001111 111111 50111 111(11011Ζ1(1110 (10110 51ῑο010 10011110110510010111101110
111111 11111111110117,1(1110 (101 11110 8110010100 ,1111010111110 111111151101111, 1111011ιο
11110 (1111111 11011 mi 0111111110 11101111 (1111111111.

.“1“

