76

(10110 (1001111100, 10 111010, 10 1101110110, 10 Μο10110510, Γ 1111010110,
1’ ,100101101110111, 10 10015000, 1010000 111111 0111 natura vegetabile oggimai
11011 00110 0101111 1111111110, 1101111111151 111100 0501011000 110 (1110510 0111550
111 1101011111 10 Ν11111111100, 0110 11 0111110155. (1011. Nau—do 1111 dimostrato»
11111100100000 11110 Alghc ¹.

1 Ζο(11111’ 11111 0111111511 0 005110311051, generalmente, 01111 1001111151
1100550 111 11111 0110 a 11101111 1115100Ζο (1111 111111, 11 1101 50111 11111 1100-
1011111, (1’ 1111110 a 011511 51111 100111 0 011110 0011 (1 0111 1101001111. Peri»
11110 110 10111110 1100011 0110 1111 5010 05001111000 11011’ΑιιῐίμιιιΙιος Laria-
110010010010 (1111111 Spolia, 1111 5010 (101111 0009011111 1·01Ἰι’1’1”11(11·ί,ς, 110-
0111551011 (11 (1001001110, 000. 1)1ι1 0011111111 10 1101011000, 10 (1011011000,
10 111100 Gorgonae, 50 110, 10153000 5111100111 05001111001, 11050011 111 111-
10050 5111711101, 11111151 111 111110 00000110. Le 5110010 11051110, 0110 1110011
0111100010 1111 111101 1101111111, 11 11111 5110550 511110 Alglw, 01011110 110110
(1111111 50101100110 055000 1100100110, 0 sia 111 ragione 1101111 1000 00051-
510070, 11 110110 110010011110 111 001 51111100 0011110, 01111 15110010Ιο 110011110-
κ11100, 0111000000 1100 ogni 111110. (11151 111 l’leyllnplmra 11000050, 111 1101111-
01010, 10 10001100, 0 111 1400000 10 1011301001 1910011100, 1000150000(Ιο
10011 51110 11111 5110010, 0110 11011 1111111 11 005111 (10110 5011111110 0100103100.

No! 1100501110 111-05110110, 0110 111111 1111 (1155110010 111111 055000 0110 1111
11111107,κο 111111111 1110111111110111, 011011111111 50110 11051 (1151111510 ’1101 11115100
1100101001, 110 1100100110 10 50010 111-01111510 1101 ,1100111110 (101 111010111-
Ι1· 2, 00 1111 111111001010 0011001010110000 1 000001, 11000110 11111 11011101111,
1· 11 01111 1410111710 115501 01001111 0000111 0110 11111 501111 0011011000 5111111
10100101101111 1101 0010110001100 110 [1110110011 ·”’. 1)011Ι10 11110 0001055000
0110, 1 11110111 51111111 0110 10 110 111110 511 (1110511 055001 1001000 5111· 05001-
111001 110 gran 101111111 0110011111, 1111111111 111111 511011 inan-:mgna 50 110110
11110110 1100111οκ1001 50000011οι01 111111 0501110 111 111011111 1101111111, 11011 1“·
001100 degli animali 1111 0111 5111111 111-11110111.

1111 (1011110 05500 11110011 0011’10111011κί1100 1101 ,1111Ιο11001οὴ 111111 gii· 1100-
0110 11 1105100 101100 svm—segg} 111 11110510 111-0111121001, 0110 anzi 10 0111110

¹ Ani 1101111 5000111111 1111101οιιο (logii 8010071011 1111111101, Τ110100 1841. 11. 1335. --1
leasi 0110110 Diu-aisne 501· 10, (3000111005, 110-,111 1100111. 1105 501000. 0111110011. 2.·’ 5110.
1111. ΜΗ. 1⁸42.

² Manno! 11· 111-1111010010, Paris ¹⁸54. —- Ymizisi 11110051 [amoni-oux, 1115111100, 110
11011111005 cornum-nos 1101111105, (laon ¹8¹6.

³ 1115111100 11111110οΙΙο 1105 0111011101 5005 1001111005. ⁶2: 01111100. 11111· 1)05110105 01 ,111100
1711111105, Pari* ¹⁸36. 101. 11.

