ANN‹›'1‘.x7,10N1

11) 5010111111111 01111111 8001111111ιί - 1111 111111111111 (11105111 5110011· 11000110
(1050011111 11111 0111110155111111 1800111111111, 11111 111111 1110111111110 10111111) 111-,ν
51111 0501111111100, 1111 1011111 1111111155111111111111 11 1100111001· 11 0111 110111·
11110 ,11]111111111011111 (Ιί 11111111111011111, 111 pinnam, 0111 51101100011110 111 11-
,aura 111 11 ,X (101111 111111111 11 (1011111115, 0 111 semem, 0111111005011111111
0111111 ligura 4 D, T (101111 111111111 58 (101111110011 11101105111111, 51
(10111111 01100100.

(²) 1301111111 111111011111115 1300111111111---101101111001 (11 (11105111 5110010 5111111
01151 11011111111011111 0110 0001111 1111111155111110 5011111111110111 01111 (111111511151
1111011 (101 (3011110111111. La (1050011111110 0110 110 1111 (111111 11 8001111111ιί
0 1100101111, 11111 111111 11115511 11111111011000 50011 1111 0110 11· 00110110 51
5111001111111 (1111 01111111500111 11 0111 5111111 5111111110, 5100110 11110511 11111111-
0150111111 11111111111 1111111011ιί 0 1111111. 1)101’1 11111 0110 111 1111111111 111010-
11101110 (101105151011Ζ11 111 01110511 01111111500111, 1111111·1·011100111“·, 011111111- 11·
00110110, 0551 (11110011110011, 51111110 111 111011 11ςί1107111, 1100501111100 1111
11111111111011111 110551111511, 111011100 1111000 51 1000111111 0115111111011101110 (11-
01111, 0 5011711 1110111111 101100111 (11 0101110101. Α 111111 11111511, 10 05100-
1111111 111111101111 1101 1111111111, 0 1 01111111500111 11110111101111 1111111011ιί 0110
111150111111 (111110 (11115111111 11011101111111 (101 101111011, 1111011 111111 5111111 0110.
110οΖ111111 degli 510551 1111111111 1111001111. 11110015011 1101· (11·11, 1· (111111111-
1111111101110, (11105111 5110010 11110 11110011100, 11000110, 111 0550 10 50010
111(1111111’111·1111 si 110050111111111 11110111101111 (1151111510 0 11111110111111 (11 511-
11110. 1)1111·1·Ι1111-111ῆοι·5ῑ 0111110 111111 (11 1111 1111111110011010. Si 1011111 011-
1111111155111111 5111111 Ι)Ιι,1]11111111(101ι1100011511, 5111111 Ι1Ἰ111(Ιι11111»[11 pinus-Irni-
(10.1, 1111111111101110. 1111110101( anquina.

(⁵) {hunum 1111111151 -- Nun 0001111 01111000 11101111 (1111111111 11111101111 111
51111111111111 (11 1115511, 11111011(ιι (11105111 51100101Ι 100111101110 1101 ,110111100-
01111011, 011000110 110 (11011 111 0111110110111 11 0111110155. Δ1111110 131111110115.
La ligura (101 1ἶ11111111110 0 01111111111 (111 (11101111 (101 Lamum-oux.

