(1111’1“Ἰ“(1(;,1.111·1

Se basiam di coordinari* i 111111011311 1115110511 (11191 111115111 11111011,
31109111 111 111111011110 (11 (1110510 11111110, 1101 00111110110 1111 11105110110
(101111 1091132101ιο (101111 11051111 Liguria, 3111011111110 11151911110111111 0
5011151 1111 5011111111110 1 (1311, 0110 91 510551 01 111111110 1115011110 1111111110
11110 111111110 erilingun& 1111110101000110 50 51 000011113110 1011110110 111910
(101111 Spezia inaosirevolincnto 1105011110 (1111 0111111155. 11101055010 1301·-
1010111, 0 10 1010110110 111115113210111 (11 31011111 1111011011110011 1011111001
(1111 viviani, 11 11111111 110113 1101101111110 1393001131ῑο 111111 (10011111 (11
131111105011131111 1101 0135011113 1111111913. Ε11111110 111 Flora oritiogamiva
(10113 Liguria 011100110 111101055311115511113 1101 111 13110111, 11 111090,
13 11011οΖΖ3 (10110 31910 (101 5110 111310,11011011110 3310391110 0011 (111111-
51351 31113 (101 0011111101]Ῑο 0111111100 1101 1111111010 (10110 1011110, (11 0111
31011110 113510101111010 (13 1010 5010 3 (1011111100 11 031311010. 11113111 0
110110 Felci 0 110110 Ε113110110 0 1101 1110110111 0 1101 κ’1111911 110551111110
1101011110 la 11111 113110 (10110 5110010 0110 11311100111111101110 (1151111910110
13 Flora (101 0131010 1110(11101131100; 0. 11091 510551 Μί01011110011, 0110
005111111500110 1111 mondo (111351 191010 1191 000111 9055013111 (101 volgo,
xantiamo degli 055011 0110 1111111111 (1011131310101111110 3113 13111113 (101
Po, 5011110110 1131355111 (11 10ἕο1311 0011111111 1111 011113111111 1 113051. Mi
113511 3(1(111110 13 Sle'cle's (11000 0 Pansam, 111 011113110νο oleae, 11
Myrioeeplealtmz baleo-meolam, 111 [ἦρ-0110011000( nobilis, 111 Disco-
sr'a smilacina 0 111 11090113, 11 Leptotliyrsum .s·›m'lacis‚ 10 (111311 11011
51 1150011113110 51191 olivi, 51111 0110111, 5111111 5111111100, 511111111010, 110
511110 rive (101 Lario 0 (101 13011300 , 110 5111 00111 (11 11105013, 03111110
3110 diligenti 0(1 111111 110010110 (101 011131155. 111110110 (105311. (1010510
113121311111 (10’111101011110011 0 (10110 0011111311 111 9111010, 11311110 11 1111101·
11110 1111 5191111011ῑο (11 11011 11010, 1111110111111κ11, 0 10150 1101101111010 101·-
11110 91 051101111 1101· 13 5111091κίοιιο (11 31011111 (Ιο” 11111 11111111011111 1110-
11101111 (11 1151011 101ςο1310.

